00001
00002
00003
00004
00005
00006
00007
00008
00009
00010
00011
00012
00013
00014
00015
00016
00017
00018
00019
00020
00021
00022
00023
00024
00025
00026
00027
00028
00029
00030
00031
00032
00033
00034
00035
00036
00037
00038
00039
00040
00041
00042
00043
00044
00045
00046
00047
00048
00049
00050
00051
00052
00053
00054
00055
00056
00057
00058
00059
00060
00061
00062
00063
00064
00065
00066
00067
00068
00069
00070
00071
00072
00073
00074
00075
00076
00077
00078
00079
00080
00081
00082
00083
00084
00085
00086
00087
00088
00089
00090
00091
00092
01001
01002
01005
01007
01008
01009
01010
01011
01012
01013
01014
01015
01017
01018
01019
01020
01021
01022
01025
01026
01027
01028
01029
01030
01031
01032
01033
01034
01035
01036
01038
01039
01040
01042
01043
01044
01045
01046
01047
01048
01049
01050
01051
01052
01053
01055
01056
01057
01059
01060
01061
01062
01063
01064
01065
01066
01067
01068
01069
01070
01071
01072
01073
01074
01075
01077
01078
01079
01080
01081
01082
01083
01084
01085
01086
01087
01088
01089
01090
01091
01092
01094
01095
01096
01097
01098
01099
01100
01101
01102
01104
01105
01106
01107
01108
01109
01110
01111
01113
01114
01115
01116
01117
01118
01119
01120
01121
01122
01123
01124
01125
01126
01127
01128
01129
01130
01131
01132
01133
01134
01135
01136
01138
01139
01140
01141
01143
01145
01147
01148
01149
01150
01151
01152
01153
01154
01155
01157
01158
01159
01160
01161
01162
03003
03004
03005
03006
03008
03009
03010
03012
03013
03014
03015
03016
03017
03018
03019
03020
03021
03022
03023
03024
03025
03026
03027
03029
03030
03031
03032
03033
03034
03035
03036
03037
03038
03039
03040
03041
03042
03043
03044
03046
03047
03048
03049
03050
03051
03052
03053
03054
03055
03056
03057
03058
03059
03060
03061
03062
03063
03064
03065
03066
03067
03068
03069
03070
03071
03072
03073
03074
03075
03076
03077
03078
03079
03080
03081
03082
03083
03085
03086
03087
03088
03089
03090
03091
03092
03093
03094
03095
03096
03097
03098
03099
03100
03101
03102
03103
03104
03105
03106
03108
03109
03110
03111
03116
03117
03118
03119
03120
03121
